Degree Distribution: [44, 27, 1, 56, 31, 37, 13, 20, 13, 13, 14, 11, 14, 14, 19, 6, 6, 4, 5, 2, 12, 30, 2, 14, 2, 13, 5, 5, 3, 6, 5, 6, 11, 7, 2, 6, 3, 4, 5, 4, 5, 3, 5, 10, 5, 3, 3, 14, 7, 5, 6, 4, 5, 6, 2, 2, 2, 6, 4, 9, 5, 3, 9, 6, 6, 2, 6, 5, 9, 3, 4, 2, 5, 4, 4, 2, 6, 4, 6, 4, 6, 6, 3, 2, 3, 6, 4, 5, 3, 4, 4, 2, 2, 2, 4, 3, 7, 4, 2, 4, 2, 4, 4, 7, 3, 2, 4, 3, 5, 5, 5, 6, 6, 9, 4, 3, 3, 3, 3, 6, 4, 2, 4, 3, 4, 2, 2, 4, 6, 4, 6, 3, 3, 7, 2, 7, 3, 3, 7, 2, 10, 5, 4, 5, 2, 3, 7, 8, 2, 3, 2, 2, 2, 3, 5, 2, 4, 4, 4, 2, 2, 3, 4, 3, 3, 2, 3, 3, 6, 2, 5, 2, 6, 2, 2, 5, 2, 2, 3, 2, 6, 2, 4, 3, 2, 4, 4, 3, 5, 2, 2, 2, 2, 3, 3, 7, 4, 2, 5, 4, 3, 2, 3, 2, 2, 3, 4, 6, 3, 3, 2, 3, 2, 2, 2, 3, 2, 4, 3, 2, 2, 4, 2, 2, 3, 2, 2, 2, 2, 3, 2, 3, 2, 2, 3, 3, 3, 3, 3, 2, 2, 3, 2, 2, 3, 2, 7, 3, 3, 2, 5, 3, 2, 2, 2, 2, 2, 2, 2, 2, 2, 2, 2, 3, 2, 3, 3, 2, 2, 2, 2, 2, 2, 2, 4, 3, 2, 2, 3, 3, 2, 3, 2, 3, 2, 2, 2, 2, 2, 2, 2, 2, 2, 2, 2, 2, 2, 2, 3, 2, 2, 2, 3, 3, 2, 2, 2, 2, 2, 2, 3, 2, 2, 3, 2, 2, 2, 2, 4, 2, 2, 2, 2, 2, 2, 2, 2, 3, 2, 2, 2, 2, 2, 2, 2, 2, 2, 2, 2, 2, 2, 2, 2, 3, 3, 2, 3, 2, 3, 2, 3, 2, 2, 2, 2, 2, 2, 4, 2, 2, 2, 2, 2, 2, 2, 2, 2, 2, 2, 2, 2, 2, 2, 2, 2, 2, 2, 2, 3, 2, 2, 2, 2, 2, 2, 2, 2, 2, 2, 2, 2, 2, 2, 2, 2, 2, 2, 2, 2, 2, 2, 2, 2, 2, 2, 2, 2, 2, 2, 2]
Maximum Degree: 56
Average Degree: 3.9804878048780488
Diameter: 6
Radius: 4
Density: 0.00973224402170672
Uninfected nodes: 91
Peak Infections: 114
Time to Peak: 21
Time to Steady State: 84
