Degree Distribution: [48, 40, 18, 35, 23, 2, 10, 30, 6, 5, 6, 13, 18, 17, 4, 7, 11, 6, 5, 12, 6, 23, 7, 12, 23, 17, 5, 4, 16, 2, 5, 18, 8, 16, 6, 11, 3, 6, 3, 3, 4, 2, 2, 3, 7, 2, 6, 5, 6, 7, 3, 2, 2, 5, 2, 6, 9, 9, 3, 2, 11, 6, 6, 15, 7, 8, 5, 3, 4, 4, 3, 16, 4, 5, 4, 5, 5, 10, 4, 2, 8, 2, 4, 3, 3, 5, 10, 4, 9, 8, 4, 6, 5, 3, 4, 4, 4, 11, 4, 4, 2, 5, 2, 3, 2, 2, 4, 2, 6, 5, 2, 3, 2, 3, 3, 5, 2, 2, 3, 5, 2, 3, 3, 4, 4, 3, 2, 2, 2, 5, 3, 2, 4, 2, 6, 3, 5, 2, 2, 4, 4, 8, 2, 3, 4, 2, 3, 2, 4, 2, 3, 4, 3, 2, 3, 3, 3, 3, 2, 3, 2, 4, 2, 4, 3, 4, 2, 3, 2, 2, 6, 2, 3, 2, 7, 2, 2, 3, 3, 6, 3, 2, 2, 2, 2, 2, 3, 2, 3, 2, 2, 2, 5, 3, 2, 4, 3, 2, 6, 3, 3, 4, 3, 2, 2, 5, 2, 2, 2, 3, 3, 3, 2, 4, 3, 2, 3, 2, 4, 2, 2, 4, 3, 2, 2, 4, 3, 2, 2, 2, 4, 3, 2, 2, 5, 5, 6, 2, 2, 2, 2, 2, 4, 3, 5, 3, 2, 3, 3, 2, 2, 4, 4, 2, 2, 3, 4, 2, 2, 4, 2, 3, 2, 2, 2, 2, 2, 2, 4, 2, 2, 2, 2, 2, 2, 2, 2, 2, 3, 2, 2, 2, 4, 2, 4, 2, 2, 2, 2, 3, 3, 2, 2, 2, 2, 2, 2, 2, 2, 3, 3, 2, 2, 2, 2, 2, 3, 2, 2, 2, 2, 2, 3, 2, 2, 2, 2, 3, 2, 2, 2, 2, 3, 2, 2, 2, 2, 2, 3, 2, 2, 2, 2, 2, 2, 2, 3, 2, 2, 3, 2, 2, 2, 2, 2, 2, 2, 2, 2, 2, 2, 2, 2, 2, 2, 2, 3, 2, 2, 2, 2, 3, 2, 2, 2, 2, 2, 2, 2, 2, 2, 2, 2, 2, 2, 2, 2, 2, 3, 2, 2, 2, 2, 2, 2, 2, 2, 2, 2, 2, 2, 2, 2, 2, 2, 2, 2, 2, 2, 2, 2, 2, 2, 2, 2, 2, 2, 2, 2, 2]
Maximum Degree: 48
Average Degree: 3.9804878048780488
Diameter: 7
Radius: 4
Density: 0.00973224402170672
Uninfected nodes: 93
Peak Infections: 106
Time to Peak: 21
Time to Steady State: 67
