Degree Distribution: [57, 4, 20, 27, 21, 30, 11, 14, 7, 24, 37, 17, 19, 6, 6, 15, 21, 8, 14, 7, 9, 13, 2, 6, 10, 10, 8, 2, 5, 4, 5, 11, 4, 7, 9, 4, 6, 10, 16, 3, 5, 15, 3, 5, 10, 6, 3, 3, 8, 4, 5, 4, 2, 5, 2, 2, 6, 5, 6, 7, 4, 2, 5, 2, 5, 2, 6, 6, 6, 4, 4, 6, 9, 2, 2, 12, 3, 3, 4, 5, 2, 3, 10, 11, 5, 4, 2, 2, 4, 4, 3, 4, 3, 3, 2, 4, 7, 5, 8, 4, 5, 4, 3, 3, 7, 7, 5, 2, 3, 3, 4, 6, 3, 9, 4, 5, 2, 7, 2, 3, 5, 3, 4, 2, 3, 3, 5, 5, 2, 4, 7, 5, 5, 9, 4, 3, 2, 3, 3, 4, 6, 3, 4, 4, 3, 2, 4, 4, 3, 3, 3, 4, 3, 2, 3, 3, 4, 3, 3, 2, 5, 3, 2, 3, 4, 2, 4, 2, 3, 3, 2, 4, 3, 3, 3, 2, 3, 3, 2, 2, 2, 4, 3, 3, 4, 2, 2, 2, 4, 2, 3, 2, 2, 5, 2, 2, 3, 3, 3, 2, 2, 3, 4, 2, 4, 2, 2, 2, 2, 3, 2, 2, 2, 3, 2, 2, 2, 2, 3, 2, 3, 2, 2, 4, 6, 2, 3, 2, 2, 2, 2, 2, 2, 2, 2, 3, 4, 2, 2, 2, 3, 2, 2, 2, 3, 2, 2, 4, 2, 5, 3, 2, 3, 2, 3, 2, 2, 2, 3, 2, 2, 2, 2, 2, 2, 3, 2, 4, 2, 2, 3, 2, 3, 6, 2, 3, 2, 2, 3, 3, 2, 2, 2, 3, 3, 2, 2, 2, 2, 3, 2, 2, 4, 2, 2, 3, 3, 4, 3, 2, 2, 2, 2, 2, 2, 2, 4, 2, 2, 3, 2, 2, 2, 2, 2, 2, 2, 2, 2, 2, 3, 2, 2, 4, 2, 2, 2, 2, 3, 2, 2, 2, 2, 2, 2, 2, 2, 2, 3, 2, 5, 2, 2, 2, 3, 3, 2, 2, 2, 2, 2, 2, 2, 2, 2, 2, 2, 2, 2, 2, 2, 2, 2, 2, 2, 2, 3, 2, 2, 3, 2, 2, 2, 2, 2, 2, 2, 2, 2, 2, 2, 2, 2, 2, 2, 2, 2, 2, 3, 2, 2, 2, 2, 2, 2, 2, 2, 2, 2, 2, 2, 2, 2, 2, 2, 2, 2, 2, 2, 2]
Maximum Degree: 57
Average Degree: 3.9804878048780488
Diameter: 7
Radius: 4
Density: 0.00973224402170672
Uninfected nodes: 20
Peak Infections: 170
Time to Peak: 19
Time to Steady State: 67
