Degree Distribution: [53, 27, 8, 7, 24, 24, 15, 28, 21, 6, 18, 4, 5, 4, 10, 11, 23, 5, 7, 16, 4, 14, 12, 6, 5, 4, 33, 2, 5, 11, 5, 14, 2, 3, 6, 10, 5, 6, 10, 12, 9, 3, 10, 9, 5, 4, 8, 3, 10, 7, 3, 5, 2, 5, 2, 3, 10, 8, 10, 3, 7, 4, 7, 2, 2, 3, 10, 6, 4, 2, 4, 6, 5, 13, 4, 8, 5, 4, 7, 9, 3, 4, 4, 3, 3, 8, 3, 2, 6, 5, 3, 3, 3, 10, 2, 2, 5, 4, 3, 5, 7, 8, 4, 4, 6, 4, 2, 3, 4, 3, 3, 3, 2, 2, 3, 6, 3, 5, 3, 2, 5, 4, 7, 6, 4, 2, 11, 2, 2, 3, 4, 4, 2, 2, 3, 3, 5, 6, 3, 5, 2, 2, 2, 5, 4, 2, 6, 3, 8, 2, 3, 6, 4, 3, 2, 2, 2, 2, 3, 5, 3, 2, 2, 4, 2, 4, 3, 3, 2, 2, 2, 2, 2, 2, 2, 2, 2, 2, 8, 2, 4, 5, 2, 2, 3, 3, 2, 2, 4, 3, 2, 2, 2, 7, 4, 3, 2, 3, 3, 2, 2, 3, 4, 3, 3, 3, 2, 5, 2, 2, 3, 2, 2, 2, 3, 2, 2, 4, 2, 2, 3, 2, 4, 3, 3, 2, 6, 2, 2, 3, 2, 2, 4, 2, 2, 2, 4, 2, 3, 3, 2, 2, 2, 3, 3, 6, 2, 2, 2, 4, 2, 3, 3, 3, 4, 3, 4, 2, 4, 2, 2, 3, 2, 3, 2, 2, 2, 2, 2, 2, 2, 2, 3, 3, 2, 2, 2, 2, 3, 2, 2, 2, 2, 3, 3, 2, 2, 5, 2, 2, 2, 2, 2, 2, 3, 2, 2, 2, 2, 2, 2, 2, 2, 2, 3, 2, 2, 2, 3, 2, 2, 2, 2, 3, 2, 2, 2, 2, 2, 2, 3, 4, 2, 2, 2, 2, 2, 2, 2, 2, 2, 2, 2, 2, 3, 2, 3, 2, 3, 2, 2, 3, 2, 2, 2, 2, 2, 2, 3, 2, 2, 3, 2, 2, 2, 2, 4, 2, 3, 2, 2, 2, 2, 3, 2, 2, 2, 2, 2, 2, 2, 2, 2, 2, 2, 2, 2, 2, 2, 2, 2, 2, 2, 2, 2, 2, 2, 2, 2, 2, 2, 2, 2, 2, 2, 2, 2, 2, 2, 2, 2, 2, 2, 2, 2, 2, 2, 2, 2, 2]
Maximum Degree: 53
Average Degree: 3.9804878048780488
Diameter: 7
Radius: 4
Density: 0.00973224402170672
Uninfected nodes: 91
Peak Infections: 104
Time to Peak: 20
Time to Steady State: 97
