Degree Distribution: [33, 14, 36, 38, 36, 21, 29, 42, 3, 4, 5, 15, 8, 12, 7, 12, 3, 28, 4, 9, 9, 5, 7, 5, 4, 11, 10, 9, 3, 8, 3, 11, 8, 7, 8, 10, 10, 8, 3, 3, 11, 8, 4, 6, 4, 5, 4, 6, 9, 3, 7, 5, 7, 5, 15, 8, 10, 5, 4, 6, 11, 4, 3, 2, 3, 4, 3, 6, 3, 2, 5, 2, 2, 6, 4, 3, 2, 4, 5, 11, 3, 11, 3, 2, 4, 2, 11, 7, 5, 2, 5, 5, 5, 5, 12, 4, 3, 8, 2, 6, 5, 5, 4, 2, 4, 3, 3, 6, 5, 6, 2, 4, 5, 3, 8, 4, 3, 2, 2, 2, 3, 3, 3, 2, 6, 2, 4, 2, 2, 2, 2, 5, 3, 3, 6, 2, 4, 6, 2, 2, 3, 3, 5, 2, 2, 3, 2, 2, 2, 4, 2, 2, 2, 3, 3, 3, 4, 2, 4, 3, 3, 6, 3, 2, 4, 4, 4, 2, 2, 3, 3, 2, 2, 3, 2, 2, 3, 3, 5, 3, 2, 2, 3, 2, 5, 2, 2, 8, 7, 3, 2, 2, 2, 5, 2, 4, 3, 2, 2, 2, 3, 4, 3, 3, 2, 3, 4, 2, 2, 2, 2, 2, 3, 5, 3, 2, 3, 7, 2, 2, 3, 2, 2, 3, 3, 3, 3, 2, 3, 2, 2, 2, 3, 3, 2, 3, 2, 2, 3, 3, 2, 2, 2, 2, 2, 2, 2, 6, 3, 2, 3, 5, 2, 4, 2, 2, 2, 2, 2, 2, 2, 2, 4, 2, 2, 3, 2, 2, 4, 2, 4, 2, 2, 2, 2, 2, 3, 2, 3, 2, 3, 2, 2, 2, 3, 2, 2, 2, 4, 4, 3, 2, 2, 3, 2, 3, 2, 2, 2, 2, 2, 2, 2, 2, 3, 2, 2, 2, 2, 2, 2, 2, 2, 2, 2, 2, 2, 2, 2, 3, 2, 2, 2, 2, 2, 3, 3, 2, 2, 2, 2, 2, 2, 2, 2, 2, 2, 2, 3, 2, 2, 2, 2, 3, 2, 2, 2, 2, 3, 2, 3, 2, 2, 2, 2, 2, 2, 2, 2, 2, 2, 2, 2, 2, 2, 2, 2, 2, 2, 2, 2, 2, 3, 2, 2, 2, 2, 2, 2, 2, 2, 2, 2, 2, 2, 2, 2, 2, 2, 2, 2, 2, 2, 2, 2, 2, 2, 2, 2, 2, 2, 2, 2, 2, 2, 2, 2, 2, 2, 2]
Maximum Degree: 42
Average Degree: 3.9804878048780488
Diameter: 7
Radius: 4
Density: 0.00973224402170672
Uninfected nodes: 87
Peak Infections: 121
Time to Peak: 18
Time to Steady State: Not reached
