Degree Distribution: [28, 37, 22, 38, 23, 14, 9, 37, 8, 14, 15, 6, 7, 33, 8, 16, 15, 2, 6, 3, 16, 10, 8, 7, 5, 3, 8, 9, 5, 3, 3, 10, 6, 13, 4, 2, 3, 16, 9, 2, 2, 5, 4, 5, 10, 4, 6, 10, 3, 7, 7, 6, 5, 9, 7, 2, 12, 7, 8, 8, 4, 4, 7, 5, 3, 6, 2, 2, 5, 8, 4, 5, 7, 3, 6, 9, 4, 3, 5, 4, 3, 5, 5, 7, 4, 3, 2, 3, 14, 3, 8, 3, 3, 3, 9, 8, 3, 6, 6, 5, 4, 6, 2, 3, 6, 3, 2, 3, 8, 5, 2, 2, 7, 6, 2, 8, 3, 5, 4, 2, 2, 2, 2, 4, 6, 4, 3, 4, 3, 2, 4, 2, 3, 3, 4, 2, 2, 2, 6, 4, 8, 2, 3, 7, 2, 2, 3, 3, 5, 2, 5, 2, 2, 5, 3, 2, 3, 2, 2, 2, 2, 2, 2, 4, 3, 3, 3, 2, 6, 3, 2, 3, 3, 2, 3, 2, 3, 2, 2, 2, 5, 2, 3, 2, 2, 2, 5, 4, 2, 2, 2, 4, 2, 3, 3, 5, 4, 4, 2, 4, 2, 5, 2, 3, 3, 2, 2, 2, 3, 2, 3, 7, 2, 4, 2, 2, 3, 2, 3, 5, 3, 2, 2, 2, 2, 2, 2, 3, 2, 2, 2, 3, 6, 3, 3, 6, 3, 2, 2, 2, 2, 3, 2, 4, 3, 2, 2, 2, 3, 2, 3, 2, 4, 3, 2, 2, 2, 2, 2, 2, 4, 4, 2, 3, 2, 2, 4, 2, 2, 2, 2, 2, 2, 2, 3, 3, 4, 2, 2, 3, 3, 2, 2, 2, 2, 2, 2, 2, 2, 5, 2, 2, 3, 3, 2, 2, 2, 2, 2, 3, 2, 2, 2, 2, 2, 2, 2, 2, 2, 2, 2, 2, 2, 2, 3, 3, 2, 2, 3, 2, 2, 2, 3, 3, 2, 2, 3, 2, 2, 2, 2, 2, 2, 2, 2, 2, 2, 3, 2, 3, 2, 2, 2, 2, 2, 2, 2, 2, 3, 4, 2, 2, 2, 2, 2, 2, 2, 2, 2, 2, 2, 2, 2, 3, 2, 3, 2, 2, 2, 2, 2, 3, 2, 2, 2, 2, 2, 2, 2, 2, 2, 2, 2, 2, 2, 2, 2, 2, 2, 2, 2, 2, 2, 2, 2, 2, 2, 2, 2, 2, 2, 2, 2, 2, 2, 2, 2, 2, 2, 2]
Maximum Degree: 38
Average Degree: 3.9804878048780488
Diameter: 7
Radius: 4
Density: 0.00973224402170672
Uninfected nodes: 20
Peak Infections: 174
Time to Peak: 17
Time to Steady State: 62
