Degree Distribution: [55, 1, 31, 46, 9, 7, 11, 65, 4, 18, 6, 11, 5, 4, 13, 8, 8, 3, 3, 7, 7, 7, 5, 37, 9, 3, 9, 7, 10, 9, 2, 4, 6, 6, 22, 7, 6, 4, 5, 4, 4, 25, 8, 5, 16, 2, 7, 4, 4, 6, 3, 9, 6, 3, 5, 3, 4, 6, 3, 4, 6, 4, 5, 11, 5, 7, 6, 5, 9, 3, 7, 4, 3, 7, 3, 4, 4, 4, 2, 5, 6, 5, 4, 4, 4, 5, 9, 2, 3, 2, 2, 4, 3, 2, 3, 5, 5, 4, 2, 4, 2, 3, 3, 8, 3, 3, 5, 4, 3, 4, 2, 3, 2, 6, 5, 2, 6, 3, 4, 3, 9, 9, 4, 2, 3, 3, 3, 2, 4, 7, 2, 2, 5, 2, 4, 7, 2, 3, 6, 3, 2, 2, 3, 3, 2, 6, 3, 3, 3, 4, 5, 6, 2, 2, 3, 2, 4, 5, 3, 5, 4, 3, 6, 2, 2, 4, 3, 6, 6, 2, 2, 2, 2, 4, 2, 8, 5, 2, 3, 2, 2, 3, 2, 2, 3, 2, 4, 2, 2, 4, 4, 2, 2, 2, 3, 4, 3, 2, 2, 3, 2, 2, 3, 3, 2, 3, 2, 2, 2, 3, 2, 2, 2, 2, 2, 3, 2, 4, 2, 4, 2, 3, 2, 3, 2, 3, 2, 4, 2, 2, 5, 4, 3, 2, 2, 2, 2, 2, 2, 5, 2, 2, 5, 2, 3, 2, 2, 2, 2, 4, 3, 3, 3, 3, 2, 2, 2, 2, 3, 4, 2, 2, 2, 2, 2, 2, 2, 2, 2, 2, 2, 2, 3, 2, 2, 2, 2, 2, 2, 3, 2, 3, 5, 3, 3, 2, 2, 2, 2, 2, 2, 2, 3, 2, 5, 2, 2, 2, 2, 3, 2, 2, 4, 2, 5, 2, 2, 2, 2, 2, 3, 2, 5, 2, 2, 2, 3, 2, 3, 2, 2, 2, 3, 2, 3, 2, 3, 3, 2, 2, 2, 2, 2, 2, 2, 2, 2, 2, 3, 2, 2, 2, 2, 2, 2, 2, 3, 4, 2, 2, 2, 2, 2, 2, 2, 2, 3, 2, 2, 2, 2, 2, 2, 2, 2, 3, 2, 2, 2, 2, 2, 2, 2, 2, 2, 2, 2, 2, 2, 2, 2, 2, 2, 2, 2, 2, 2, 3, 2, 2, 2, 2, 2, 2, 2, 2, 2, 2, 2, 2, 2, 2, 2, 2, 2, 2, 2, 3, 2, 2]
Maximum Degree: 65
Average Degree: 3.9804878048780488
Diameter: 7
Radius: 4
Density: 0.00973224402170672
Uninfected nodes: 99
Peak Infections: 100
Time to Peak: 24
Time to Steady State: 89
