Degree Distribution: [53, 12, 1, 22, 77, 8, 26, 14, 13, 5, 25, 27, 9, 7, 13, 4, 14, 6, 12, 7, 10, 5, 3, 5, 9, 4, 4, 22, 11, 5, 7, 5, 5, 10, 2, 3, 5, 7, 11, 13, 8, 6, 10, 2, 4, 3, 5, 7, 3, 3, 6, 5, 6, 3, 2, 4, 2, 7, 11, 5, 2, 10, 3, 4, 6, 5, 2, 2, 3, 13, 2, 3, 3, 11, 2, 3, 6, 3, 3, 3, 4, 2, 9, 3, 8, 2, 5, 2, 6, 6, 2, 5, 3, 3, 3, 3, 6, 2, 2, 3, 6, 4, 10, 5, 3, 2, 2, 6, 6, 2, 2, 3, 7, 2, 6, 4, 3, 2, 3, 2, 2, 2, 9, 2, 7, 3, 4, 4, 6, 6, 5, 3, 3, 3, 3, 5, 2, 2, 8, 6, 3, 2, 5, 4, 4, 2, 2, 2, 5, 2, 5, 5, 3, 4, 3, 2, 2, 2, 4, 2, 2, 2, 3, 2, 3, 4, 2, 3, 3, 7, 4, 2, 2, 2, 5, 4, 2, 2, 5, 2, 2, 2, 5, 3, 2, 5, 2, 4, 4, 4, 3, 4, 2, 3, 3, 2, 4, 2, 3, 4, 5, 5, 6, 2, 6, 3, 2, 2, 3, 3, 4, 2, 2, 2, 2, 3, 3, 2, 3, 3, 3, 2, 2, 2, 2, 4, 2, 3, 3, 3, 4, 2, 2, 4, 2, 2, 4, 4, 3, 2, 2, 2, 2, 2, 3, 2, 2, 2, 2, 3, 3, 3, 4, 2, 2, 2, 2, 2, 3, 2, 2, 2, 3, 2, 2, 4, 2, 2, 2, 3, 2, 3, 2, 3, 2, 2, 3, 3, 4, 2, 5, 3, 3, 3, 3, 2, 2, 3, 3, 3, 2, 3, 2, 2, 3, 2, 3, 3, 4, 2, 2, 3, 2, 2, 2, 3, 2, 3, 3, 2, 2, 2, 3, 2, 2, 2, 2, 2, 2, 2, 2, 2, 2, 2, 2, 2, 2, 2, 3, 2, 2, 4, 2, 2, 2, 3, 2, 2, 2, 3, 4, 2, 2, 2, 2, 2, 2, 2, 2, 2, 2, 2, 2, 3, 2, 2, 3, 3, 2, 3, 2, 2, 2, 2, 2, 2, 2, 2, 2, 2, 2, 2, 3, 2, 2, 2, 2, 2, 2, 2, 2, 3, 2, 2, 2, 2, 2, 2, 2, 2, 2, 2, 2, 2, 2, 2, 2, 2, 2, 2, 2, 2, 2, 2, 2, 2, 2, 2, 2, 2]
Maximum Degree: 77
Average Degree: 3.9804878048780488
Diameter: 7
Radius: 4
Density: 0.00973224402170672
Uninfected nodes: 9
Peak Infections: 178
Time to Peak: 17
Time to Steady State: 89
