Degree Distribution: [29, 31, 46, 19, 26, 13, 19, 44, 9, 16, 16, 26, 8, 10, 3, 10, 19, 12, 4, 7, 5, 6, 8, 4, 23, 9, 2, 17, 6, 4, 6, 16, 5, 2, 5, 4, 3, 2, 3, 11, 6, 8, 7, 10, 10, 7, 5, 8, 10, 7, 9, 2, 3, 9, 4, 6, 3, 4, 2, 5, 4, 3, 7, 3, 3, 2, 2, 3, 3, 9, 2, 3, 4, 5, 5, 4, 4, 3, 4, 5, 3, 6, 3, 3, 3, 5, 3, 5, 2, 5, 5, 3, 6, 5, 4, 5, 5, 3, 3, 2, 6, 4, 3, 7, 2, 7, 3, 2, 3, 3, 3, 5, 7, 6, 2, 7, 4, 2, 2, 2, 2, 7, 3, 2, 3, 7, 4, 3, 2, 4, 4, 2, 2, 4, 2, 2, 2, 3, 2, 8, 2, 4, 3, 2, 2, 5, 4, 2, 5, 5, 2, 10, 3, 3, 2, 2, 15, 2, 2, 4, 4, 4, 2, 3, 7, 3, 5, 4, 3, 2, 2, 5, 5, 3, 2, 3, 5, 2, 2, 3, 5, 3, 2, 3, 4, 3, 2, 2, 2, 4, 2, 3, 3, 4, 3, 3, 3, 2, 5, 3, 2, 4, 2, 3, 2, 3, 4, 2, 2, 4, 2, 2, 2, 2, 3, 3, 2, 3, 3, 2, 2, 2, 4, 3, 2, 4, 3, 2, 3, 3, 2, 2, 2, 2, 4, 3, 2, 3, 2, 2, 2, 3, 2, 2, 3, 3, 5, 2, 3, 2, 2, 2, 3, 2, 2, 2, 3, 3, 2, 4, 4, 2, 2, 2, 2, 3, 2, 3, 2, 2, 3, 2, 2, 3, 2, 2, 3, 2, 4, 2, 2, 2, 2, 2, 2, 3, 2, 2, 2, 2, 3, 2, 2, 3, 2, 4, 2, 2, 2, 2, 2, 2, 2, 3, 3, 3, 3, 2, 2, 2, 2, 2, 2, 2, 2, 2, 2, 2, 2, 2, 2, 2, 2, 2, 2, 2, 2, 2, 3, 2, 2, 2, 2, 2, 2, 2, 3, 2, 2, 3, 3, 2, 2, 2, 2, 2, 2, 3, 2, 2, 2, 2, 2, 2, 3, 2, 2, 2, 2, 2, 2, 2, 2, 2, 2, 3, 2, 2, 3, 3, 2, 2, 2, 2, 2, 2, 2, 2, 2, 2, 2, 3, 2, 2, 2, 2, 2, 2, 3, 2, 2, 2, 2, 2, 2, 2, 2, 2, 2, 2, 2, 2, 2, 2, 2, 2, 2, 2, 2, 2]
Maximum Degree: 46
Average Degree: 3.9804878048780488
Diameter: 7
Radius: 4
Density: 0.00973224402170672
Uninfected nodes: 101
Peak Infections: 112
Time to Peak: 20
Time to Steady State: 84
