Degree Distribution: [52, 19, 4, 34, 61, 21, 5, 15, 17, 38, 14, 6, 5, 2, 19, 13, 12, 5, 4, 5, 10, 7, 4, 6, 3, 2, 7, 2, 10, 3, 9, 2, 5, 8, 17, 8, 3, 25, 6, 3, 5, 7, 2, 10, 4, 13, 5, 5, 4, 17, 8, 5, 4, 8, 8, 4, 9, 2, 4, 10, 5, 8, 8, 2, 6, 7, 3, 6, 3, 8, 6, 2, 7, 5, 5, 4, 4, 5, 5, 3, 4, 5, 8, 4, 6, 10, 5, 2, 3, 6, 5, 4, 4, 3, 2, 4, 8, 3, 5, 2, 2, 7, 3, 2, 5, 6, 4, 4, 2, 4, 4, 3, 3, 3, 5, 3, 6, 2, 2, 2, 2, 2, 4, 3, 4, 2, 2, 2, 2, 3, 2, 2, 3, 3, 3, 2, 2, 2, 3, 7, 4, 4, 7, 2, 2, 3, 2, 2, 5, 3, 2, 2, 3, 4, 2, 4, 3, 4, 2, 4, 2, 4, 6, 2, 2, 4, 2, 3, 5, 3, 2, 2, 3, 7, 2, 3, 4, 3, 2, 4, 2, 2, 5, 2, 3, 5, 5, 4, 3, 5, 4, 2, 3, 4, 2, 2, 2, 2, 4, 2, 2, 2, 2, 3, 3, 3, 2, 3, 2, 2, 2, 2, 2, 2, 2, 3, 3, 2, 4, 4, 3, 2, 2, 2, 2, 3, 3, 2, 3, 2, 6, 5, 2, 2, 3, 2, 3, 2, 3, 3, 4, 4, 3, 3, 2, 2, 4, 3, 4, 2, 3, 2, 2, 3, 2, 5, 3, 2, 3, 2, 2, 3, 2, 3, 2, 3, 2, 3, 2, 2, 3, 4, 2, 2, 2, 2, 2, 2, 2, 2, 3, 3, 3, 2, 2, 3, 2, 2, 2, 2, 3, 2, 2, 2, 2, 2, 3, 2, 3, 3, 2, 2, 2, 2, 2, 4, 2, 2, 2, 2, 2, 2, 2, 2, 2, 3, 3, 4, 2, 2, 2, 2, 3, 3, 2, 2, 2, 2, 2, 5, 2, 2, 2, 2, 2, 2, 2, 2, 2, 3, 2, 2, 2, 2, 2, 2, 3, 2, 2, 2, 2, 2, 3, 2, 2, 2, 2, 2, 2, 2, 2, 2, 2, 2, 2, 2, 2, 2, 2, 2, 2, 2, 2, 2, 2, 2, 2, 2, 2, 2, 2, 2, 2, 3, 2, 2, 2, 2, 2, 2, 2, 2, 2, 2, 2, 2, 2, 2, 2, 2, 2, 2, 2, 2, 2, 2, 2, 2, 2, 2]
Maximum Degree: 61
Average Degree: 3.9804878048780488
Diameter: 7
Radius: 4
Density: 0.00973224402170672
Uninfected nodes: 107
Peak Infections: 112
Time to Peak: 19
Time to Steady State: 77
