Degree Distribution: [41, 33, 14, 51, 21, 4, 18, 10, 12, 14, 9, 15, 11, 12, 16, 10, 13, 5, 11, 12, 11, 6, 7, 14, 10, 9, 12, 13, 8, 7, 9, 3, 8, 5, 13, 11, 4, 5, 8, 2, 11, 6, 2, 4, 5, 9, 5, 6, 13, 9, 2, 2, 5, 3, 7, 4, 5, 2, 3, 3, 6, 3, 4, 8, 5, 6, 4, 3, 9, 3, 2, 6, 8, 4, 3, 6, 7, 6, 2, 3, 15, 4, 2, 2, 4, 5, 11, 5, 5, 2, 4, 5, 2, 3, 2, 2, 3, 5, 6, 3, 4, 3, 2, 3, 7, 2, 2, 5, 4, 5, 2, 6, 3, 2, 5, 2, 3, 6, 5, 3, 2, 3, 2, 3, 3, 3, 2, 4, 2, 5, 3, 2, 2, 7, 2, 5, 2, 2, 2, 2, 4, 6, 3, 2, 5, 3, 4, 2, 2, 3, 3, 6, 6, 4, 2, 7, 2, 8, 4, 4, 3, 4, 2, 6, 3, 2, 4, 3, 2, 2, 2, 2, 5, 2, 5, 2, 3, 2, 2, 4, 4, 2, 3, 2, 2, 5, 2, 2, 2, 3, 5, 2, 3, 2, 2, 2, 2, 5, 4, 4, 3, 5, 2, 4, 5, 2, 2, 3, 5, 2, 4, 2, 3, 2, 4, 3, 2, 2, 2, 3, 3, 5, 2, 2, 2, 3, 3, 2, 2, 2, 3, 5, 2, 3, 2, 2, 3, 2, 4, 2, 4, 2, 4, 4, 2, 2, 3, 2, 4, 3, 2, 2, 3, 5, 2, 2, 2, 7, 2, 2, 3, 7, 2, 2, 2, 2, 2, 5, 2, 3, 2, 3, 2, 2, 2, 2, 2, 2, 3, 2, 2, 2, 4, 2, 4, 2, 2, 3, 2, 2, 2, 3, 2, 3, 2, 2, 2, 2, 3, 2, 3, 2, 2, 3, 3, 2, 3, 3, 2, 3, 2, 2, 2, 2, 2, 2, 2, 2, 2, 2, 2, 2, 2, 2, 3, 3, 2, 3, 3, 2, 3, 2, 2, 2, 2, 3, 2, 2, 3, 2, 2, 2, 2, 2, 3, 2, 2, 4, 2, 2, 2, 2, 2, 2, 2, 2, 3, 2, 2, 2, 2, 2, 2, 2, 2, 2, 2, 2, 2, 2, 2, 3, 2, 2, 2, 2, 2, 2, 2, 2, 2, 2, 2, 2, 2, 2, 2, 2, 2, 2, 2, 2, 2, 2, 2, 2, 2, 2, 2, 2, 2, 2, 2, 2, 2, 2, 2, 2, 2, 2]
Maximum Degree: 51
Average Degree: 3.9804878048780488
Diameter: 7
Radius: 4
Density: 0.00973224402170672
Uninfected nodes: 92
Peak Infections: 107
Time to Peak: 23
Time to Steady State: 80
