Degree Distribution: [51, 4, 16, 43, 34, 15, 30, 11, 16, 18, 20, 10, 15, 19, 15, 22, 6, 7, 4, 14, 5, 15, 3, 6, 9, 4, 8, 10, 4, 10, 5, 2, 5, 6, 4, 3, 12, 4, 12, 5, 6, 6, 11, 7, 4, 6, 2, 4, 14, 5, 4, 6, 2, 8, 6, 2, 6, 11, 4, 4, 7, 6, 5, 4, 2, 4, 2, 8, 2, 7, 7, 5, 5, 4, 7, 6, 8, 3, 5, 4, 2, 5, 4, 3, 2, 8, 4, 4, 5, 9, 4, 2, 3, 4, 2, 2, 4, 7, 3, 4, 4, 4, 4, 4, 2, 2, 2, 7, 6, 6, 4, 2, 4, 3, 3, 5, 6, 5, 2, 2, 3, 2, 4, 3, 4, 4, 2, 3, 8, 4, 2, 3, 2, 6, 3, 2, 3, 3, 4, 3, 4, 3, 4, 5, 2, 3, 2, 2, 12, 6, 3, 2, 2, 3, 2, 2, 2, 4, 4, 2, 3, 4, 3, 2, 4, 3, 2, 3, 3, 2, 4, 5, 3, 3, 4, 2, 2, 2, 2, 2, 3, 3, 2, 3, 5, 3, 2, 2, 3, 2, 2, 2, 2, 5, 4, 4, 2, 4, 3, 2, 3, 5, 2, 2, 4, 3, 3, 3, 3, 2, 6, 2, 3, 2, 2, 2, 2, 2, 2, 2, 4, 2, 3, 3, 3, 2, 3, 2, 3, 3, 3, 2, 5, 2, 2, 2, 2, 3, 3, 3, 5, 5, 2, 2, 2, 3, 2, 2, 2, 3, 2, 2, 2, 2, 3, 5, 5, 2, 3, 2, 3, 2, 2, 2, 2, 2, 4, 3, 2, 3, 3, 2, 2, 2, 2, 2, 4, 2, 2, 3, 2, 3, 2, 3, 2, 2, 2, 3, 2, 3, 2, 3, 3, 2, 2, 2, 2, 2, 2, 3, 3, 3, 2, 3, 2, 2, 2, 3, 2, 2, 2, 3, 3, 4, 2, 2, 3, 3, 2, 2, 2, 2, 2, 2, 2, 3, 3, 2, 2, 2, 3, 2, 3, 2, 2, 2, 2, 2, 2, 2, 2, 2, 2, 2, 2, 2, 2, 2, 2, 2, 2, 2, 2, 3, 2, 2, 2, 2, 2, 2, 2, 2, 2, 3, 3, 2, 2, 3, 2, 2, 2, 2, 2, 2, 2, 2, 2, 2, 2, 2, 2, 2, 2, 2, 2, 2, 2, 2, 2, 2, 2, 2, 2, 2, 2, 2, 2, 2, 2, 2, 2, 2, 2, 2, 2, 2, 2, 2, 2, 2]
Maximum Degree: 51
Average Degree: 3.9804878048780488
Diameter: 7
Radius: 4
Density: 0.00973224402170672
Uninfected nodes: 15
Peak Infections: 177
Time to Peak: 17
Time to Steady State: 74
