Degree Distribution: [32, 26, 22, 23, 21, 9, 23, 21, 24, 3, 12, 22, 5, 21, 47, 5, 17, 15, 7, 11, 3, 16, 5, 10, 8, 5, 7, 5, 24, 5, 5, 9, 5, 8, 6, 8, 17, 5, 4, 2, 5, 14, 5, 7, 5, 4, 3, 7, 2, 4, 5, 6, 7, 8, 3, 5, 9, 8, 5, 2, 4, 2, 3, 2, 6, 6, 4, 3, 8, 9, 2, 4, 6, 3, 3, 7, 3, 2, 6, 7, 5, 8, 7, 10, 2, 3, 7, 2, 4, 2, 3, 3, 2, 2, 3, 5, 9, 4, 3, 3, 6, 3, 4, 5, 5, 3, 2, 2, 3, 7, 3, 3, 4, 3, 3, 5, 6, 2, 6, 2, 3, 4, 4, 4, 3, 3, 6, 3, 2, 2, 6, 5, 2, 3, 6, 7, 3, 2, 8, 6, 2, 6, 3, 2, 3, 3, 3, 4, 4, 5, 2, 2, 3, 3, 3, 3, 3, 3, 3, 3, 2, 2, 3, 3, 2, 2, 2, 3, 2, 3, 2, 2, 2, 7, 3, 2, 3, 2, 2, 4, 5, 3, 7, 3, 3, 2, 3, 6, 3, 2, 2, 2, 2, 3, 3, 2, 2, 2, 4, 2, 2, 2, 4, 2, 2, 2, 2, 2, 3, 2, 2, 3, 3, 2, 2, 2, 2, 2, 3, 2, 2, 3, 4, 2, 3, 2, 2, 3, 3, 2, 5, 3, 3, 2, 3, 4, 2, 2, 2, 2, 2, 2, 2, 2, 3, 3, 3, 3, 2, 4, 2, 2, 3, 3, 2, 2, 3, 2, 2, 3, 2, 2, 4, 3, 3, 3, 2, 2, 2, 2, 3, 2, 2, 2, 3, 2, 2, 3, 3, 2, 2, 2, 2, 3, 2, 2, 2, 2, 3, 2, 2, 3, 2, 2, 2, 2, 3, 2, 2, 2, 2, 2, 2, 2, 2, 3, 2, 3, 2, 2, 3, 2, 2, 3, 2, 3, 2, 2, 3, 2, 3, 2, 2, 2, 3, 2, 2, 2, 2, 2, 2, 3, 2, 2, 2, 2, 2, 2, 2, 2, 2, 3, 2, 3, 4, 3, 2, 2, 2, 2, 2, 2, 2, 3, 2, 2, 2, 3, 2, 2, 2, 2, 2, 2, 2, 3, 2, 2, 2, 2, 3, 2, 2, 2, 2, 2, 2, 2, 2, 2, 2, 2, 2, 2, 2, 2, 2, 2, 2, 2, 2, 2, 3, 2, 2, 2, 2, 2, 2, 2, 2, 2, 2, 2, 2, 2, 2, 2, 2, 2]
Maximum Degree: 47
Average Degree: 3.9804878048780488
Diameter: 6
Radius: 4
Density: 0.00973224402170672
Uninfected nodes: 18
Peak Infections: 179
Time to Peak: 18
Time to Steady State: 84
