Degree Distribution: [44, 13, 30, 41, 2, 20, 11, 8, 9, 8, 19, 3, 19, 13, 20, 6, 4, 14, 27, 32, 7, 3, 7, 12, 4, 7, 8, 7, 16, 9, 12, 2, 13, 3, 5, 13, 10, 3, 7, 5, 15, 5, 3, 9, 7, 6, 7, 4, 6, 2, 3, 4, 3, 3, 5, 5, 3, 2, 4, 2, 10, 16, 3, 5, 4, 5, 3, 3, 4, 6, 4, 4, 4, 4, 4, 4, 4, 7, 8, 8, 4, 2, 3, 4, 6, 5, 5, 7, 4, 6, 2, 4, 2, 3, 3, 5, 3, 10, 6, 2, 6, 3, 7, 6, 2, 2, 3, 3, 4, 2, 3, 6, 3, 6, 6, 5, 2, 4, 3, 4, 2, 3, 2, 2, 3, 4, 7, 7, 5, 3, 2, 4, 3, 5, 2, 2, 5, 6, 3, 2, 2, 2, 7, 2, 2, 2, 2, 2, 3, 3, 4, 3, 4, 4, 3, 2, 2, 4, 4, 2, 3, 2, 6, 7, 4, 4, 3, 2, 3, 3, 3, 3, 3, 4, 6, 2, 6, 2, 4, 6, 2, 2, 2, 3, 4, 4, 5, 2, 4, 4, 3, 2, 2, 2, 3, 2, 4, 2, 2, 2, 3, 2, 3, 4, 4, 2, 2, 5, 3, 2, 4, 4, 3, 2, 5, 2, 2, 3, 2, 2, 2, 3, 2, 2, 6, 3, 4, 3, 2, 2, 2, 8, 2, 2, 3, 2, 2, 5, 2, 4, 3, 3, 2, 3, 2, 2, 2, 3, 2, 2, 2, 3, 2, 2, 2, 2, 2, 5, 2, 2, 3, 3, 2, 2, 2, 2, 2, 3, 4, 3, 2, 3, 2, 3, 2, 2, 2, 2, 2, 2, 3, 2, 2, 2, 3, 3, 3, 2, 2, 5, 2, 2, 2, 2, 3, 2, 2, 2, 2, 2, 4, 2, 2, 2, 4, 2, 2, 2, 2, 2, 2, 2, 2, 2, 2, 2, 2, 3, 4, 3, 2, 2, 2, 2, 2, 2, 2, 2, 2, 2, 2, 4, 2, 2, 2, 2, 2, 2, 2, 2, 2, 2, 2, 2, 2, 2, 2, 2, 3, 2, 2, 2, 2, 2, 2, 2, 2, 3, 2, 2, 3, 2, 2, 2, 2, 2, 2, 2, 2, 2, 2, 2, 3, 2, 2, 2, 2, 2, 2, 2, 2, 2, 2, 2, 2, 2, 2, 2, 3, 2, 2, 2, 2, 2, 2, 2, 2, 2, 2, 2, 2, 2, 2, 2, 2, 2, 2, 2, 2, 2]
Maximum Degree: 44
Average Degree: 3.9804878048780488
Diameter: 7
Radius: 4
Density: 0.00973224402170672
Uninfected nodes: 20
Peak Infections: 190
Time to Peak: 17
Time to Steady State: 79
