Degree Distribution: [49, 18, 13, 64, 18, 40, 9, 17, 17, 4, 16, 9, 8, 13, 18, 10, 7, 6, 4, 6, 13, 7, 10, 6, 12, 5, 4, 6, 16, 3, 3, 5, 14, 3, 5, 2, 8, 3, 10, 13, 9, 8, 9, 5, 11, 4, 6, 3, 4, 9, 3, 3, 4, 7, 4, 4, 10, 3, 10, 2, 9, 4, 4, 2, 9, 5, 3, 2, 2, 6, 8, 4, 5, 2, 5, 6, 3, 8, 5, 5, 2, 3, 3, 3, 5, 3, 5, 5, 2, 8, 5, 2, 5, 4, 2, 4, 3, 2, 2, 5, 7, 3, 3, 6, 4, 9, 4, 3, 2, 2, 2, 7, 2, 10, 2, 6, 2, 4, 4, 3, 4, 2, 2, 3, 3, 8, 4, 2, 4, 3, 3, 4, 3, 2, 5, 3, 3, 6, 4, 3, 2, 4, 4, 2, 2, 5, 3, 3, 4, 4, 3, 4, 5, 4, 5, 3, 3, 2, 4, 6, 3, 4, 3, 3, 2, 2, 4, 3, 4, 3, 3, 2, 2, 3, 2, 2, 4, 3, 3, 2, 4, 5, 2, 2, 2, 2, 2, 2, 3, 7, 2, 2, 2, 3, 5, 2, 2, 3, 2, 4, 3, 5, 2, 2, 2, 2, 3, 4, 4, 2, 4, 2, 5, 2, 3, 3, 4, 2, 2, 2, 3, 2, 3, 7, 2, 4, 2, 3, 3, 3, 2, 2, 4, 3, 3, 2, 2, 4, 3, 3, 3, 5, 3, 2, 2, 3, 2, 2, 2, 2, 2, 3, 3, 2, 3, 2, 3, 2, 3, 3, 2, 2, 2, 2, 2, 2, 2, 3, 2, 4, 3, 3, 2, 2, 2, 2, 3, 3, 3, 3, 2, 2, 2, 2, 2, 6, 2, 2, 2, 2, 2, 2, 4, 2, 3, 2, 2, 2, 2, 4, 2, 3, 2, 2, 3, 2, 2, 2, 2, 2, 2, 2, 3, 2, 2, 5, 2, 2, 2, 2, 5, 2, 2, 2, 2, 2, 4, 2, 2, 2, 2, 2, 2, 2, 2, 2, 2, 2, 3, 2, 2, 2, 3, 2, 3, 2, 2, 2, 2, 2, 3, 2, 2, 2, 2, 2, 2, 2, 2, 3, 2, 2, 2, 2, 2, 2, 2, 2, 2, 2, 2, 2, 2, 2, 2, 2, 2, 2, 3, 2, 2, 2, 2, 2, 2, 2, 3, 2, 2, 2, 2, 2, 2, 2, 3, 2, 2, 2, 2, 2, 2, 2, 2, 2, 2, 2, 2, 2, 2, 2]
Maximum Degree: 64
Average Degree: 3.9804878048780488
Diameter: 7
Radius: 4
Density: 0.00973224402170672
Uninfected nodes: 13
Peak Infections: 192
Time to Peak: 18
Time to Steady State: 81
