Degree Distribution: [37, 42, 5, 40, 16, 21, 23, 32, 16, 10, 6, 3, 11, 32, 5, 13, 7, 6, 9, 6, 10, 27, 6, 4, 4, 12, 3, 8, 7, 7, 13, 14, 7, 6, 9, 5, 12, 2, 4, 6, 14, 4, 3, 7, 3, 5, 7, 3, 5, 9, 4, 4, 6, 2, 3, 2, 3, 6, 10, 5, 6, 7, 6, 9, 3, 7, 2, 8, 6, 3, 4, 3, 4, 5, 3, 4, 4, 8, 3, 5, 6, 2, 6, 5, 4, 2, 2, 4, 8, 5, 2, 7, 3, 6, 7, 2, 2, 3, 5, 7, 5, 4, 3, 4, 6, 4, 4, 2, 3, 3, 2, 7, 4, 2, 4, 4, 5, 2, 3, 4, 2, 2, 2, 5, 3, 3, 3, 3, 5, 3, 5, 2, 2, 2, 3, 2, 6, 4, 2, 2, 5, 2, 6, 3, 5, 3, 3, 7, 4, 8, 3, 3, 4, 4, 3, 4, 8, 6, 4, 2, 2, 3, 2, 5, 3, 6, 6, 2, 2, 5, 3, 3, 3, 5, 3, 2, 2, 3, 2, 3, 3, 4, 2, 4, 4, 2, 2, 3, 2, 2, 4, 3, 4, 2, 2, 3, 2, 3, 2, 2, 2, 4, 4, 2, 2, 4, 3, 3, 4, 2, 2, 2, 2, 4, 2, 4, 4, 3, 3, 2, 2, 2, 2, 2, 2, 2, 2, 2, 2, 2, 3, 5, 3, 2, 2, 2, 2, 3, 2, 2, 2, 2, 5, 4, 2, 3, 3, 2, 2, 2, 2, 2, 3, 3, 2, 2, 2, 2, 2, 4, 2, 4, 2, 2, 3, 2, 2, 2, 2, 3, 3, 3, 2, 2, 3, 4, 2, 3, 3, 2, 2, 2, 2, 4, 3, 2, 2, 2, 2, 2, 3, 2, 3, 2, 2, 2, 2, 2, 2, 2, 2, 4, 2, 2, 3, 4, 3, 2, 2, 2, 2, 2, 2, 2, 2, 4, 2, 2, 2, 2, 2, 2, 3, 2, 3, 2, 3, 2, 2, 3, 3, 2, 3, 2, 2, 2, 2, 2, 2, 2, 2, 2, 2, 2, 2, 2, 3, 2, 2, 2, 2, 2, 2, 2, 2, 2, 2, 2, 2, 2, 2, 2, 2, 2, 2, 2, 3, 3, 2, 2, 2, 2, 2, 2, 2, 2, 2, 2, 2, 2, 2, 2, 2, 2, 2, 2, 2, 2, 2, 2, 2, 2, 2, 3, 2, 2, 2, 2, 2, 2, 2, 2, 2, 2, 2, 2, 3, 2, 2, 2]
Maximum Degree: 42
Average Degree: 3.9804878048780488
Diameter: 6
Radius: 4
Density: 0.00973224402170672
Uninfected nodes: 78
Peak Infections: 112
Time to Peak: 22
Time to Steady State: 83
