Degree Distribution: [50, 12, 4, 55, 20, 26, 26, 12, 13, 8, 6, 14, 21, 7, 3, 5, 16, 5, 14, 8, 26, 7, 6, 3, 7, 4, 7, 11, 3, 9, 5, 15, 5, 7, 3, 18, 9, 7, 2, 6, 13, 8, 7, 6, 3, 2, 3, 3, 7, 13, 3, 18, 7, 7, 2, 2, 4, 4, 6, 7, 5, 8, 12, 3, 13, 5, 3, 8, 4, 4, 4, 11, 3, 6, 3, 4, 5, 2, 9, 6, 5, 5, 2, 5, 3, 9, 6, 7, 5, 2, 3, 2, 10, 2, 8, 5, 3, 4, 2, 5, 5, 2, 2, 8, 4, 14, 3, 2, 3, 4, 2, 4, 3, 6, 6, 2, 6, 2, 3, 4, 2, 5, 4, 3, 3, 3, 3, 4, 6, 2, 2, 2, 2, 3, 2, 5, 2, 2, 2, 3, 4, 5, 3, 2, 6, 2, 3, 3, 4, 2, 2, 3, 2, 2, 2, 2, 2, 5, 6, 8, 3, 2, 2, 2, 2, 2, 2, 4, 2, 4, 2, 3, 3, 2, 2, 2, 3, 2, 4, 3, 2, 7, 3, 2, 4, 3, 2, 2, 2, 3, 5, 6, 3, 3, 3, 2, 2, 2, 2, 3, 3, 5, 2, 3, 2, 2, 5, 3, 2, 3, 2, 3, 2, 2, 2, 2, 2, 2, 4, 3, 2, 2, 6, 2, 4, 2, 2, 2, 2, 2, 3, 2, 2, 2, 3, 3, 4, 2, 3, 2, 3, 4, 3, 2, 3, 4, 3, 3, 2, 2, 3, 2, 2, 3, 2, 2, 2, 2, 2, 2, 2, 4, 3, 2, 2, 2, 3, 2, 2, 3, 2, 2, 4, 2, 3, 3, 2, 2, 2, 4, 3, 2, 2, 3, 3, 2, 2, 3, 2, 2, 2, 2, 2, 2, 2, 2, 2, 3, 3, 2, 2, 3, 2, 2, 2, 2, 2, 2, 2, 2, 2, 2, 2, 2, 2, 2, 2, 2, 2, 2, 3, 3, 2, 2, 2, 3, 2, 2, 2, 2, 2, 3, 2, 2, 2, 2, 2, 2, 2, 2, 2, 2, 2, 2, 2, 2, 2, 2, 2, 2, 2, 2, 2, 4, 3, 3, 2, 2, 2, 2, 2, 3, 2, 2, 2, 2, 2, 2, 2, 2, 2, 3, 2, 2, 2, 2, 2, 2, 2, 2, 2, 2, 2, 2, 2, 2, 2, 2, 2, 2, 2, 2, 2, 2, 2, 2, 2, 3, 2, 2, 2, 2, 2, 2, 2, 2, 2, 2, 2, 2]
Maximum Degree: 55
Average Degree: 3.9804878048780488
Diameter: 7
Radius: 4
Density: 0.00973224402170672
Uninfected nodes: 16
Peak Infections: 184
Time to Peak: 17
Time to Steady State: 72
