Degree Distribution: [35, 4, 14, 45, 4, 24, 21, 16, 19, 16, 10, 22, 25, 10, 5, 8, 14, 12, 8, 4, 4, 4, 5, 21, 14, 3, 8, 7, 15, 19, 10, 6, 9, 7, 6, 12, 6, 4, 5, 2, 9, 3, 3, 5, 6, 11, 8, 5, 2, 5, 4, 6, 4, 8, 4, 4, 14, 5, 2, 8, 10, 4, 2, 6, 6, 4, 4, 4, 6, 14, 3, 4, 5, 12, 3, 4, 3, 3, 6, 5, 2, 6, 4, 4, 7, 3, 2, 3, 2, 3, 4, 5, 6, 3, 4, 6, 4, 2, 4, 5, 3, 5, 6, 3, 2, 5, 6, 2, 6, 5, 8, 5, 3, 3, 2, 7, 5, 4, 3, 2, 3, 6, 3, 3, 3, 5, 2, 2, 7, 2, 6, 2, 3, 2, 9, 5, 3, 5, 2, 2, 2, 7, 2, 2, 3, 2, 3, 2, 2, 7, 2, 4, 3, 4, 2, 7, 2, 2, 2, 4, 3, 3, 2, 3, 4, 3, 3, 2, 7, 3, 3, 5, 3, 4, 5, 3, 2, 3, 5, 3, 2, 6, 6, 2, 3, 2, 2, 3, 6, 2, 2, 3, 3, 3, 4, 2, 3, 2, 4, 2, 3, 3, 2, 6, 2, 3, 6, 3, 3, 5, 2, 2, 2, 3, 3, 6, 2, 2, 3, 3, 4, 2, 4, 2, 2, 3, 2, 2, 3, 2, 2, 3, 2, 2, 4, 2, 3, 3, 2, 2, 2, 2, 3, 2, 2, 2, 2, 2, 2, 2, 2, 4, 2, 2, 2, 2, 2, 2, 3, 3, 2, 2, 5, 2, 2, 3, 4, 2, 2, 2, 2, 3, 3, 2, 2, 2, 2, 2, 3, 2, 2, 2, 2, 3, 3, 2, 3, 2, 3, 2, 2, 2, 2, 2, 2, 2, 4, 2, 2, 2, 2, 2, 3, 3, 2, 2, 2, 2, 3, 2, 2, 2, 2, 2, 2, 2, 2, 3, 2, 2, 3, 3, 2, 2, 3, 3, 2, 2, 2, 2, 2, 2, 2, 2, 2, 2, 2, 2, 2, 3, 2, 2, 2, 2, 2, 3, 2, 2, 5, 2, 2, 2, 2, 2, 2, 2, 2, 3, 2, 2, 2, 2, 2, 2, 2, 2, 2, 2, 2, 2, 2, 2, 2, 2, 2, 2, 2, 2, 2, 2, 2, 2, 3, 2, 3, 2, 2, 2, 2, 2, 2, 2, 2, 2, 2, 2, 2, 2, 2, 2, 2, 2, 2, 2, 2, 2, 2, 2, 2, 2]
Maximum Degree: 45
Average Degree: 3.9804878048780488
Diameter: 7
Radius: 4
Density: 0.00973224402170672
Uninfected nodes: 18
Peak Infections: 177
Time to Peak: 19
Time to Steady State: 96
