Degree Distribution: [43, 35, 14, 23, 17, 3, 29, 11, 22, 28, 18, 9, 10, 6, 6, 4, 9, 23, 7, 7, 2, 3, 18, 16, 10, 7, 18, 20, 12, 5, 5, 5, 3, 11, 3, 9, 7, 12, 7, 5, 13, 3, 9, 6, 6, 5, 7, 6, 8, 3, 7, 5, 8, 3, 3, 8, 3, 2, 5, 3, 5, 3, 6, 4, 5, 4, 3, 6, 11, 4, 7, 4, 2, 11, 2, 2, 3, 6, 4, 3, 2, 7, 9, 3, 5, 6, 5, 5, 2, 2, 5, 2, 3, 3, 4, 5, 7, 5, 3, 2, 4, 5, 2, 4, 6, 3, 6, 2, 4, 5, 5, 3, 4, 4, 4, 2, 3, 2, 5, 3, 3, 4, 4, 3, 5, 4, 4, 4, 2, 4, 6, 2, 4, 3, 3, 5, 3, 9, 2, 4, 2, 4, 3, 6, 4, 3, 2, 2, 2, 4, 3, 2, 4, 3, 3, 3, 3, 3, 2, 3, 2, 2, 3, 3, 5, 4, 4, 7, 5, 2, 3, 2, 2, 4, 5, 3, 3, 2, 6, 2, 2, 3, 4, 2, 3, 4, 3, 5, 2, 6, 2, 2, 3, 3, 3, 4, 2, 3, 3, 2, 3, 2, 2, 3, 2, 2, 3, 2, 2, 2, 3, 2, 3, 4, 3, 2, 2, 3, 3, 2, 3, 2, 3, 3, 3, 2, 2, 3, 3, 2, 2, 2, 3, 4, 3, 2, 4, 3, 3, 2, 2, 3, 4, 2, 2, 2, 2, 2, 2, 2, 3, 2, 2, 4, 5, 2, 2, 3, 3, 2, 2, 3, 2, 2, 2, 4, 2, 2, 3, 3, 2, 2, 2, 2, 2, 4, 4, 2, 2, 3, 2, 2, 2, 2, 2, 2, 3, 4, 3, 2, 4, 2, 3, 2, 2, 2, 2, 3, 2, 4, 2, 2, 2, 2, 2, 3, 3, 2, 3, 2, 2, 2, 3, 3, 2, 3, 2, 2, 2, 2, 2, 2, 2, 2, 2, 2, 2, 2, 3, 2, 2, 2, 2, 2, 2, 2, 3, 2, 2, 4, 3, 2, 2, 3, 2, 2, 2, 2, 2, 2, 2, 2, 2, 4, 2, 2, 2, 3, 2, 3, 2, 2, 2, 2, 2, 2, 2, 2, 2, 2, 2, 2, 2, 2, 2, 2, 2, 3, 2, 2, 2, 2, 2, 2, 2, 2, 2, 2, 2, 2, 2, 2, 2, 2, 2, 2, 2, 2, 2, 2, 2, 2, 2, 2, 2, 2, 2, 2, 2, 2]
Maximum Degree: 43
Average Degree: 3.9804878048780488
Diameter: 7
Radius: 4
Density: 0.00973224402170672
Uninfected nodes: 15
Peak Infections: 166
Time to Peak: 22
Time to Steady State: 77
