Degree Distribution: [43, 53, 2, 27, 17, 12, 4, 8, 8, 13, 14, 24, 22, 12, 24, 6, 5, 4, 6, 12, 3, 6, 13, 5, 8, 15, 11, 4, 8, 11, 2, 5, 8, 14, 6, 13, 19, 3, 9, 9, 6, 5, 5, 5, 10, 2, 2, 7, 12, 7, 10, 9, 7, 3, 6, 4, 5, 5, 6, 10, 4, 2, 6, 4, 4, 2, 5, 2, 3, 9, 13, 7, 4, 8, 8, 5, 7, 2, 3, 3, 3, 5, 3, 3, 2, 3, 6, 5, 3, 4, 2, 4, 6, 4, 4, 7, 6, 3, 4, 7, 3, 3, 5, 4, 3, 3, 2, 3, 4, 5, 4, 2, 6, 3, 7, 4, 3, 5, 4, 5, 2, 3, 6, 2, 6, 3, 5, 3, 6, 3, 2, 5, 4, 2, 2, 3, 4, 2, 2, 4, 2, 2, 4, 3, 6, 4, 5, 2, 3, 2, 4, 4, 3, 3, 5, 4, 2, 2, 2, 3, 6, 2, 7, 3, 3, 2, 5, 3, 3, 3, 4, 6, 2, 2, 2, 3, 2, 2, 2, 2, 3, 2, 6, 2, 2, 3, 2, 2, 3, 3, 5, 5, 2, 3, 2, 2, 3, 2, 2, 3, 3, 2, 3, 3, 2, 4, 2, 2, 2, 2, 2, 3, 4, 2, 2, 2, 4, 3, 2, 4, 3, 3, 2, 2, 2, 2, 6, 2, 2, 4, 3, 4, 2, 3, 3, 2, 3, 3, 2, 2, 2, 3, 2, 2, 3, 3, 2, 3, 2, 2, 4, 2, 3, 3, 2, 3, 2, 3, 2, 3, 2, 3, 3, 3, 2, 2, 3, 2, 3, 2, 4, 2, 4, 2, 3, 2, 3, 2, 2, 3, 2, 5, 4, 4, 2, 2, 2, 2, 2, 2, 3, 2, 2, 2, 2, 2, 2, 3, 2, 2, 2, 3, 2, 2, 2, 2, 4, 2, 3, 2, 2, 4, 2, 2, 2, 3, 2, 3, 2, 2, 2, 2, 3, 2, 2, 2, 2, 2, 4, 2, 2, 3, 2, 2, 4, 2, 2, 3, 3, 2, 2, 2, 2, 2, 2, 2, 2, 2, 2, 3, 2, 2, 2, 2, 2, 2, 3, 2, 2, 2, 2, 2, 2, 2, 2, 2, 2, 2, 2, 2, 2, 2, 2, 2, 2, 2, 2, 3, 2, 2, 3, 2, 2, 2, 2, 2, 2, 2, 2, 2, 2, 2, 2, 2, 2, 2, 2, 2, 2, 2, 2, 2, 2, 2, 2, 2, 2, 2, 2, 2]
Maximum Degree: 53
Average Degree: 3.9804878048780488
Diameter: 7
Radius: 4
Density: 0.00973224402170672
Uninfected nodes: 107
Peak Infections: 97
Time to Peak: 24
Time to Steady State: 81
