Degree Distribution: [24, 26, 23, 7, 19, 8, 21, 18, 29, 3, 18, 17, 22, 20, 4, 14, 8, 7, 4, 7, 21, 17, 6, 1, 7, 8, 1, 14, 17, 25, 8, 1, 6, 8, 14, 14, 20, 13, 23, 20, 7, 7, 26, 8, 8, 16, 13, 3, 14, 16, 24, 9, 12, 19, 7, 12, 13, 17, 7, 33, 15, 4, 21, 13, 6, 11, 22, 16, 11, 4, 6, 12, 19, 20, 23, 27, 7, 19, 16, 9, 13, 13, 12, 17, 15, 8, 4, 8, 15, 25, 24, 9, 4, 27, 4, 8, 17, 13, 16, 15, 3, 12, 6, 27, 19, 20, 14, 8, 11, 10, 23, 8, 10, 20, 9, 31, 4, 17, 6, 22, 24, 11, 7, 12, 22, 17, 8, 11, 6, 13, 5, 15, 8, 4, 7, 6, 20, 2, 11, 18, 3, 7, 8, 20, 7, 5, 16, 43, 26, 26, 11, 13, 3, 17, 14, 13, 50, 4, 19, 3, 4, 25, 23, 3, 12, 12, 5, 17, 12, 10, 2, 15, 22, 14, 2, 18, 14, 25, 17, 18, 9, 24, 17, 17, 18, 15, 15, 10, 17, 2, 13, 25, 28, 7, 10, 10, 9, 11, 3, 20, 21, 6, 1, 14, 22, 20, 7, 22, 8, 31, 7, 19, 17, 9, 4, 25, 34, 22, 1, 10, 9, 28, 25, 8, 26, 27, 13, 23, 11, 8, 23, 15, 16, 12, 24, 26, 17, 9, 25, 15, 14, 14, 26, 9, 12, 11, 1, 2, 8, 2, 14, 14, 15, 9, 22, 8, 8, 10, 11, 5, 19, 18, 6, 2, 3, 21, 5, 7, 1, 23, 25, 7, 16, 30, 17, 10, 21, 24, 11, 5, 6, 34, 24, 16, 16, 33, 13, 24, 2, 14, 29, 14, 19, 5, 4, 12, 17, 11, 3, 22, 3, 25, 5, 47, 28, 14, 14, 1, 5, 20, 6, 11, 3, 34, 14, 8, 5, 32, 14, 15, 8, 2, 15, 1, 17, 13, 3, 16, 7, 8, 2, 10, 33, 9, 21, 16, 23, 5, 8, 8, 2, 21, 24, 4, 1, 7, 13, 16, 15, 4, 9, 6, 8, 15, 8, 14, 23, 8, 13, 5, 13, 27, 2, 13, 14, 28, 7, 4, 18, 23, 4, 43, 10, 8, 9, 10, 15, 14, 15, 26, 16, 5, 10, 12, 5, 14, 6, 9, 8, 6, 8, 13, 9, 5, 4, 5, 13, 16, 11, 2, 4, 15, 2, 15, 3, 14, 2, 23, 5, 31]
Maximum Degree: 50
Average Degree: 13.487804878048781
Diameter: 9
Radius: 5
Density: 0.032977518039239075
Uninfected nodes: 16
Peak Infections: 198
Time to Peak: 15
Time to Steady State: 81
